tmID_raw  tmID  franchID  confID  year  arena  name  o_fgm  o_fga  o_ftm  o_fta  o_3pm  o_oreb  o_dreb  o_reb  o_asts  o_pf  o_stl  o_to  o_blk  o_pts  prev_d_fga  prev_d_ftm  prev_d_3pm  prev_d_3pa  prev_d_oreb  prev_d_dreb  prev_d_asts  prev_d_pf  prev_d_stl  prev_d_to  prev_d_blk  prev_d_pts  roll3_d_fga  roll3_d_ftm  roll3_d_3pm  roll3_d_3pa  roll3_d_oreb  roll3_d_dreb  roll3_d_asts  roll3_d_pf  roll3_d_stl  roll3_d_to  roll3_d_blk  roll3_d_pts
     CHA     0         0       0     1      3     0    812   1903    431    577    131     305     630    935     551   713    222   496     90   2186         NaN         NaN         NaN         NaN          NaN          NaN          NaN        NaN         NaN        NaN         NaN         NaN          NaN          NaN          NaN          NaN           NaN           NaN           NaN         NaN          NaN         NaN          NaN          NaN
     CHA     0         0       0     2      3     0    746   1780    410    528    153     309     639    948     467   605    217   474    114   2055      1930.0       533.0       138.0       423.0        326.0        664.0        596.0      596.0       259.0      426.0       123.0      2429.0       1930.0        533.0        138.0        423.0         326.0         664.0         596.0       596.0        259.0       426.0        123.0       2429.0
     CLE     1         1       0     1      9     1    809   1828    426    570    141     331     603    934     539   647    259   538     91   2185         NaN         NaN         NaN         NaN          NaN          NaN          NaN        NaN         NaN        NaN         NaN         NaN          NaN          NaN          NaN          NaN           NaN           NaN           NaN         NaN          NaN         NaN          NaN          NaN
     CLE     1         1       0     2      9     1    763   1770    372    505    106     297     662    959     503   532    267   444     83   2004      1761.0       455.0       119.0       368.0        277.0        596.0        540.0      693.0       305.0      552.0        95.0      2122.0       1761.0        455.0        119.0        368.0         277.0         596.0         540.0       693.0        305.0       552.0         95.0       2122.0
     DET     2         3       0     1     13     2    868   1980    519    699     76     341     644    985     503   701    260   530     88   2331         NaN         NaN         NaN         NaN          NaN          NaN          NaN        NaN         NaN        NaN         NaN         NaN          NaN          NaN          NaN          NaN           NaN           NaN           NaN         NaN          NaN         NaN          NaN          NaN
     DET     2         3       0     2     13     2    774   1914    412    542    143     324     621    945     469   602    225   498     82   2103      1967.0       480.0       136.0       372.0        331.0        640.0        513.0      672.0       284.0      543.0       148.0      2426.0       1967.0        480.0        136.0        372.0         331.0         640.0         513.0       672.0        284.0       543.0        148.0       2426.0
     HOU     3         4       1     1      4     3    891   1894    521    634    172     273     724    997     494   554    284   440    104   2475         NaN         NaN         NaN         NaN          NaN          NaN          NaN        NaN         NaN        NaN         NaN         NaN          NaN          NaN          NaN          NaN           NaN           NaN           NaN         NaN          NaN         NaN          NaN          NaN
     HOU     3         4       1     2      4     3    747   1908    415    539    138     348     710   1058     426   509    251   436     95   2047      1938.0       370.0       124.0       418.0        290.0        612.0        473.0      648.0       233.0      480.0        85.0      2066.0       1938.0        370.0        124.0        418.0         290.0         612.0         473.0       648.0        233.0       480.0         85.0       2066.0
     IND     4         5       0     1      5     4    796   1838    428    569    193     285     647    932     501   642    271   518    126   2213         NaN         NaN         NaN         NaN          NaN          NaN          NaN        NaN         NaN        NaN         NaN         NaN          NaN          NaN          NaN          NaN           NaN           NaN           NaN         NaN          NaN         NaN          NaN          NaN
     IND     4         5       0     2      5     4    762   1822    472    591    157     286     649    935     458   600    242   491    118   2153      1868.0       503.0       109.0       358.0        321.0        633.0        528.0      612.0       267.0      476.0        75.0      2290.0       1868.0        503.0        109.0        358.0         321.0         633.0         528.0       612.0        267.0       476.0         75.0       2290.0
     LAS     5         6       1     1     11     5    861   1956    545    693    150     308     783   1091     586   705    271   466    156   2417         NaN         NaN         NaN         NaN          NaN          NaN          NaN        NaN         NaN        NaN         NaN         NaN          NaN          NaN          NaN          NaN           NaN           NaN           NaN         NaN          NaN         NaN          NaN          NaN
     LAS     5         6       1     2     11     5    916   2031    449    594    160     350     755   1105     596   616    281   438    138   2441      1963.0       495.0       122.0       413.0        300.0        678.0        445.0      650.0       243.0      485.0       105.0      2169.0       1963.0        495.0        122.0        413.0         300.0         678.0         445.0       650.0        243.0       485.0        105.0       2169.0
     MIA     6         7       0     1      1     6    647   1774    452    664     85     365     595    960     415   707    272   524     88   1831         NaN         NaN         NaN         NaN          NaN          NaN          NaN        NaN         NaN        NaN         NaN         NaN          NaN          NaN          NaN          NaN           NaN           NaN           NaN         NaN          NaN         NaN          NaN          NaN
     MIA     6         7       0     2      1     6    754   1826    356    469     93     292     651    943     467   602    300   448    153   1957      1676.0       454.0       117.0       315.0        275.0        648.0        416.0      661.0       247.0      528.0       118.0      2001.0       1676.0        454.0        117.0        315.0         275.0         648.0         416.0       661.0        247.0       528.0        118.0       2001.0
     MIN     7         8       1     1     12     7    770   1831    449    592    204     258     612    870     495   690    237   497     63   2193         NaN         NaN         NaN         NaN          NaN          NaN          NaN        NaN         NaN        NaN         NaN         NaN          NaN          NaN          NaN          NaN           NaN           NaN           NaN         NaN          NaN         NaN          NaN          NaN
     MIN     7         8       1     2     12     7    671   1810    559    727    176     308     693   1001     437   695    210   507    127   2077      1758.0       514.0       164.0       481.0        300.0        677.0        472.0      707.0       275.0      547.0       130.0      2188.0       1758.0        514.0        164.0        481.0         300.0         677.0         472.0       707.0        275.0       547.0        130.0       2188.0
     NYL     8         9       0     1      8     8    792   1815    429    567    135     288     652    940     477   617    246   474    102   2148         NaN         NaN         NaN         NaN          NaN          NaN          NaN        NaN         NaN        NaN         NaN         NaN          NaN          NaN          NaN          NaN           NaN           NaN           NaN         NaN          NaN         NaN          NaN          NaN
     NYL     8         9       0     2      8     8    833   1828    336    500    160     255     660    915     553   616    265   437     82   2162      1822.0       437.0       116.0       420.0        320.0        647.0        462.0      645.0       223.0      479.0        94.0      2035.0       1822.0        437.0        116.0        420.0         320.0         647.0         462.0       645.0        223.0       479.0         94.0       2035.0
     ORL     9         2       0     1      2     9    833   1911    397    546    145     319     606    925     473   583    255   486    130   2208         NaN         NaN         NaN         NaN          NaN          NaN          NaN        NaN         NaN        NaN         NaN         NaN          NaN          NaN          NaN          NaN           NaN           NaN           NaN         NaN          NaN         NaN          NaN          NaN
     ORL     9         2       0     2      2     9    768   1914    430    587    174     356     614    970     452   643    320   532    125   2140      1964.0       378.0       153.0       450.0        348.0        669.0        536.0      637.0       264.0      500.0       108.0      2233.0       1964.0        378.0        153.0        450.0         348.0         669.0         536.0       637.0        264.0       500.0        108.0       2233.0
     PHO    10        10       1     1     14    10    803   1800    513    661    124     275     619    894     465   630    285   429     91   2243         NaN         NaN         NaN         NaN          NaN          NaN          NaN        NaN         NaN        NaN         NaN         NaN          NaN          NaN          NaN          NaN           NaN           NaN           NaN         NaN          NaN         NaN          NaN          NaN
     PHO    10        10       1     2     14    10    767   1894    429    587    101     300     642    942     514   625    292   519    138   2064      1828.0       421.0       135.0       416.0        334.0        635.0        486.0      699.0       224.0      531.0        91.0      2102.0       1828.0        421.0        135.0        416.0         334.0         635.0         486.0       699.0        224.0       531.0         91.0       2102.0
     POR    11        11       1     1     10    11    761   1828    488    697    145     309     627    936     480   761    265   593     93   2155         NaN         NaN         NaN         NaN          NaN          NaN          NaN        NaN         NaN        NaN         NaN         NaN          NaN          NaN          NaN          NaN           NaN           NaN           NaN         NaN          NaN         NaN          NaN          NaN
     POR    11        11       1     2     10    11    733   1891    450    612    172     300     696    996     451   633    244   500    106   2088      1847.0       577.0       150.0       447.0        307.0        646.0        487.0      729.0       277.0      531.0       130.0      2303.0       1847.0        577.0        150.0        447.0         307.0         646.0         487.0       729.0        277.0       531.0        130.0       2303.0
     SAC    12        12       1     1      0    12    876   1993    449    650    142     388     650   1038     567   571    332   458    157   2343         NaN         NaN         NaN         NaN          NaN          NaN          NaN        NaN         NaN        NaN         NaN         NaN          NaN          NaN          NaN          NaN           NaN           NaN           NaN         NaN          NaN         NaN          NaN          NaN
     SAC    12        12       1     2      0    12    837   1974    457    618    163     374     723   1097     558   588    276   494    158   2294      1918.0       410.0       144.0       418.0        320.0        631.0        503.0      600.0       226.0      524.0       116.0      2176.0       1918.0        410.0        144.0        418.0         320.0         631.0         503.0       600.0        226.0       524.0        116.0       2176.0
     SEA    13        14       1     1      7    13    667   1740    379    561    109     256     537    793     390   648    255   525     93   1822         NaN         NaN         NaN         NaN          NaN          NaN          NaN        NaN         NaN        NaN         NaN         NaN          NaN          NaN          NaN          NaN           NaN           NaN           NaN         NaN          NaN         NaN          NaN          NaN
     SEA    13        14       1     2      7    13    689   1821    415    606    128     306     585    891     412   605    273   431    127   1921      1721.0       498.0       117.0       334.0        288.0        721.0        506.0      618.0       284.0      529.0       123.0      2171.0       1721.0        498.0        117.0        334.0         288.0         721.0         506.0       618.0        284.0       529.0        123.0       2171.0
     UTA    14        13       1     1      6    14    858   1896    609    790     88     348     732   1080     522   698    214   544    157   2413         NaN         NaN         NaN         NaN          NaN          NaN          NaN        NaN         NaN        NaN         NaN         NaN          NaN          NaN          NaN          NaN           NaN           NaN           NaN         NaN          NaN         NaN          NaN          NaN
     UTA    14        13       1     2      6    14    811   1849    507    675     78     295     775   1070     524   622    202   493    156   2207      1964.0       531.0       156.0       448.0        313.0        598.0        503.0      702.0       301.0      437.0       112.0      2407.0       1964.0        531.0        156.0        448.0         313.0         598.0         503.0       702.0        301.0       437.0        112.0       2407.0
     WAS    15        15       0     1     15    15    832   1813    403    578    109     300     646    946     521   597    245   506    126   2176         NaN         NaN         NaN         NaN          NaN          NaN          NaN        NaN         NaN        NaN         NaN         NaN          NaN          NaN          NaN          NaN           NaN           NaN           NaN         NaN          NaN         NaN          NaN          NaN
     WAS    15        15       0     2     15    15    739   1915    333    504    117     356     699   1055     424   537    257   495    127   1928      1875.0       382.0       149.0       397.0        299.0        612.0        513.0      595.0       261.0      456.0       102.0      2221.0       1875.0        382.0        149.0        397.0         299.0         612.0         513.0       595.0        261.0       456.0        102.0       2221.0