tmID_raw  tmID  franchID  confID  year  arena  name  o_fgm  o_fga  o_ftm  o_fta  o_3pm  o_oreb  o_dreb  o_reb  o_asts  o_pf  o_stl  o_to  o_blk  o_pts  prev_d_fga  prev_d_ftm  prev_d_3pm  prev_d_3pa  prev_d_oreb  prev_d_dreb  prev_d_asts  prev_d_pf  prev_d_stl  prev_d_to  prev_d_blk  prev_d_pts  roll3_d_fga  roll3_d_ftm  roll3_d_3pm  roll3_d_3pa  roll3_d_oreb  roll3_d_dreb  roll3_d_asts  roll3_d_pf  roll3_d_stl  roll3_d_to  roll3_d_blk  roll3_d_pts
     ATL     0         0       0     9     11     0    895   2258    542    725    202     340     737   1077     492   796    285   593    142   2534         NaN         NaN         NaN         NaN          NaN          NaN          NaN        NaN         NaN        NaN         NaN         NaN          NaN          NaN          NaN          NaN           NaN           NaN           NaN         NaN          NaN         NaN          NaN          NaN
     CHA     1         1       0     1      4     1    812   1903    431    577    131     305     630    935     551   713    222   496     90   2186         NaN         NaN         NaN         NaN          NaN          NaN          NaN        NaN         NaN        NaN         NaN         NaN          NaN          NaN          NaN          NaN           NaN           NaN           NaN         NaN          NaN         NaN          NaN          NaN
     CHA     1         1       0     2      4     1    746   1780    410    528    153     309     639    948     467   605    217   474    114   2055      1930.0       533.0       138.0       423.0        326.0        664.0        596.0      596.0       259.0      426.0       123.0      2429.0  1930.000000   533.000000   138.000000   423.000000    326.000000    664.000000    596.000000  596.000000   259.000000  426.000000   123.000000  2429.000000
     CHA     1         1       0     3      4     1    770   1790    490    663    211     302     653    955     496   647    241   408    105   2241      1846.0       431.0       114.0       369.0        344.0        567.0        443.0      579.0       257.0      447.0       124.0      2009.0  1888.000000   482.000000   126.000000   396.000000    335.000000    615.500000    519.500000  587.500000   258.000000  436.500000   123.500000  2219.000000
     CHA     1         1       0     4      4     1    787   1881    456    590    187     342     629    971     499   697    279   497    115   2217      1807.0       444.0       133.0       372.0        295.0        620.0        489.0      600.0       208.0      424.0       103.0      2133.0  1861.000000   469.333333   128.333333   388.000000    321.666667    617.000000    509.333333  591.666667   241.333333  432.333333   116.666667  2190.333333
     CHA     1         1       0     5      4     1    745   1744    436    590    166     256     616    872     426   648    210   479    134   2092      1902.0       477.0       138.0       407.0        386.0        621.0        491.0      606.0       264.0      469.0       104.0      2195.0  1851.666667   450.666667   128.333333   382.666667    341.666667    602.666667    474.333333  595.000000   243.000000  446.666667   110.333333  2112.333333
     CHA     1         1       0     6      4     1    772   1913    447    624    104     316     609    925     493   727    284   535    113   2095      1932.0       438.0       130.0       349.0        368.0        628.0        516.0      595.0       243.0      437.0       114.0      2168.0  1880.333333   453.000000   133.666667   376.000000    349.666667    623.000000    498.666667  600.333333   238.333333  443.333333   107.000000  2165.333333
     CHA     1         1       0     7     17     1    864   2178    552    777    176     347     747   1094     527   734    315   574    155   2456      1888.0       509.0       124.0       339.0        355.0        700.0        496.0      654.0       269.0      534.0       146.0      2335.0  1907.333333   474.666667   130.666667   365.000000    369.666667    649.666667    501.000000  618.333333   258.666667  480.000000   121.333333  2232.666667
     CHI     2         2       0     7     19     2    858   2175    449    643    157     357     680   1037     509   674    277   527    125   2322         NaN         NaN         NaN         NaN          NaN          NaN          NaN        NaN         NaN        NaN         NaN         NaN          NaN          NaN          NaN          NaN           NaN           NaN           NaN         NaN          NaN         NaN          NaN          NaN
     CHI     2         2       0     8     19     2    925   2277    489    723    186     383     782   1165     597   634    262   510    112   2525      2147.0       545.0       200.0       536.0        379.0        860.0        623.0      584.0       262.0      535.0       120.0      2687.0  2147.000000   545.000000   200.000000   536.000000    379.000000    860.000000    623.000000  584.000000   262.000000  535.000000   120.000000  2687.000000
     CHI     2         2       0     9     19     2    899   2100    564    812    110     357     770   1127     548   639    269   525    149   2472      2243.0       501.0       184.0       481.0        379.0        846.0        584.0      683.0       242.0      566.0       138.0      2611.0  2195.000000   523.000000   192.000000   508.500000    379.000000    853.000000    603.500000  633.500000   252.000000  550.500000   129.000000  2649.000000
     CLE     3         3       0     1     12     3    809   1828    426    570    141     331     603    934     539   647    259   538     91   2185         NaN         NaN         NaN         NaN          NaN          NaN          NaN        NaN         NaN        NaN         NaN         NaN          NaN          NaN          NaN          NaN           NaN           NaN           NaN         NaN          NaN         NaN          NaN          NaN
     CLE     3         3       0     2     12     3    763   1770    372    505    106     297     662    959     503   532    267   444     83   2004      1761.0       455.0       119.0       368.0        277.0        596.0        540.0      693.0       305.0      552.0        95.0      2122.0  1761.000000   455.000000   119.000000   368.000000    277.000000    596.000000    540.000000  693.000000   305.000000  552.000000    95.000000  2122.000000
     CLE     3         3       0     3     12     3    760   1820    430    553    121     295     674    969     480   567    221   451     83   2071      1745.0       328.0       132.0       417.0        297.0        594.0        434.0      597.0       225.0      496.0       127.0      1788.0  1753.000000   391.500000   125.500000   392.500000    287.000000    595.000000    487.000000  645.000000   265.000000  524.000000   111.000000  1955.000000
     CLE     3         3       0     4     12     3    815   1975    464    643    135     349     720   1069     517   639    226   466     86   2229      1834.0       397.0       149.0       441.0        278.0        640.0        530.0      613.0       242.0      428.0       109.0      2140.0  1780.000000   393.333333   133.333333   408.666667    284.000000    610.000000    501.333333  634.333333   257.333333  492.000000   110.333333  2016.666667
     CON     4         4       0     4     10     4    864   2102    479    646    177     333     762   1095     520   663    270   434    111   2384         NaN         NaN         NaN         NaN          NaN          NaN          NaN        NaN         NaN        NaN         NaN         NaN          NaN          NaN          NaN          NaN           NaN           NaN           NaN         NaN          NaN         NaN          NaN          NaN
     CON     4         4       0     5     10     4    876   2051    434    590    149     321     724   1045     572   610    299   462     96   2335      2104.0       509.0       172.0       536.0        366.0        812.0        553.0      669.0       252.0      476.0        88.0      2409.0  2104.000000   509.000000   172.000000   536.000000    366.000000    812.000000    553.000000  669.000000   252.000000  476.000000    88.000000  2409.000000
     CON     4         4       0     6     10     4    916   2025    512    688    130     322     788   1110     573   624    236   452    130   2474      1996.0       443.0       145.0       384.0        306.0        757.0        565.0      627.0       239.0      492.0       113.0      2304.0  2050.000000   476.000000   158.500000   460.000000    336.000000    784.500000    559.000000  648.000000   245.500000  484.000000   100.500000  2356.500000
     CON     4         4       0     7     10     4    982   2216    545    675    174     342     926   1268     630   530    252   514    153   2683      2100.0       452.0       122.0       400.0        350.0        728.0        495.0      675.0       258.0      442.0        79.0      2244.0  2066.666667   468.000000   146.333333   440.000000    340.666667    765.666667    537.666667  657.000000   249.666667  470.000000    93.333333  2319.000000
     CON     4         4       0     8     10     4   1001   2327    478    615    195     354     868   1222     619   641    272   540    156   2675      2357.0       358.0       163.0       508.0        370.0        783.0        528.0      646.0       273.0      486.0       103.0      2417.0  2151.000000   417.666667   143.333333   430.666667    342.000000    756.000000    529.333333  649.333333   256.666667  473.333333    98.333333  2321.666667
     CON     4         4       0     9     10     4    965   2286    539    723    221     370     869   1239     607   629    211   487     97   2690      2317.0       475.0       166.0       485.0        337.0        842.0        581.0      633.0       246.0      524.0        85.0      2593.0  2258.000000   428.333333   150.333333   464.333333    352.333333    784.333333    534.666667  651.333333   259.000000  484.000000    89.000000  2418.000000
     DET     5         5       0     1     16     5    868   1980    519    699     76     341     644    985     503   701    260   530     88   2331         NaN         NaN         NaN         NaN          NaN          NaN          NaN        NaN         NaN        NaN         NaN         NaN          NaN          NaN          NaN          NaN           NaN           NaN           NaN         NaN          NaN         NaN          NaN          NaN
     DET     5         5       0     2     16     5    774   1914    412    542    143     324     621    945     469   602    225   498     82   2103      1967.0       480.0       136.0       372.0        331.0        640.0        513.0      672.0       284.0      543.0       148.0      2426.0  1967.000000   480.000000   136.000000   372.000000    331.000000    640.000000    513.000000  672.000000   284.000000  543.000000   148.000000  2426.000000
     DET     5         5       0     3     16     5    766   1919    472    651    110     360     719   1079     478   609    201   541    132   2114      1837.0       446.0       127.0       340.0        279.0        702.0        438.0      591.0       262.0      483.0       109.0      2269.0  1902.000000   463.000000   131.500000   356.000000    305.000000    671.000000    475.500000  631.500000   273.000000  513.000000   128.500000  2347.500000
     DET     5         5       0     4     16     5    902   2004    624    882    125     379     851   1230     545   605    263   608    158   2553      1984.0       464.0       146.0       447.0        314.0        669.0        465.0      637.0       277.0      443.0       139.0      2266.0  1929.333333   463.333333   136.333333   386.333333    308.000000    670.333333    472.000000  633.333333   274.333333  489.666667   132.000000  2320.333333
     DET     5         5       0     5     16     5    874   2097    556    792     62     397     773   1170     564   648    277   513    148   2366      2286.0       412.0       161.0       541.0        390.0        674.0        504.0      774.0       309.0      497.0       129.0      2395.0  2035.666667   440.666667   144.666667   442.666667    327.666667    681.666667    469.000000  667.333333   282.666667  474.333333   125.666667  2310.000000
     DET     5         5       0     6     16     5    831   2060    509    774     76     412     803   1215     474   761    241   571    155   2247      2098.0       470.0       191.0       533.0        325.0        730.0        515.0      728.0       289.0      496.0       131.0      2381.0  2122.666667   448.666667   166.000000   507.000000    343.000000    691.000000    494.666667  713.000000   291.666667  478.666667   133.000000  2347.333333
     DET     5         5       0     7     16     5    919   2220    553    746    136     406     880   1286     572   711    213   537    137   2527      1945.0       565.0       154.0       456.0        273.0        745.0        473.0      744.0       272.0      520.0       136.0      2287.0  2109.666667   482.333333   168.666667   510.000000    329.333333    716.333333    497.333333  748.666667   290.000000  504.333333   132.000000  2354.333333
     DET     5         5       0     8     16     5    972   2261    595    785    158     380     931   1311     563   702    227   564    117   2697      2165.0       529.0       175.0       561.0        324.0        760.0        474.0      733.0       275.0      506.0       108.0      2384.0  2069.333333   521.333333   173.333333   516.666667    307.333333    745.000000    487.333333  735.000000   278.666667  507.333333   125.000000  2350.666667
     DET     5         5       0     9     16     5    974   2295    556    744    168     405     843   1248     604   724    278   496    118   2672      2262.0       547.0       203.0       610.0        309.0        780.0        546.0      767.0       276.0      529.0       117.0      2540.0  2124.000000   547.000000   177.333333   542.333333    302.000000    761.666667    497.666667  748.000000   274.333333  518.333333   120.333333  2403.666667
     HOU     6         6       1     1      5     6    891   1894    521    634    172     273     724    997     494   554    284   440    104   2475         NaN         NaN         NaN         NaN          NaN          NaN          NaN        NaN         NaN        NaN         NaN         NaN          NaN          NaN          NaN          NaN           NaN           NaN           NaN         NaN          NaN         NaN          NaN          NaN
     HOU     6         6       1     2      5     6    747   1908    415    539    138     348     710   1058     426   509    251   436     95   2047      1938.0       370.0       124.0       418.0        290.0        612.0        473.0      648.0       233.0      480.0        85.0      2066.0  1938.000000   370.000000   124.000000   418.000000    290.000000    612.000000    473.000000  648.000000   233.000000  480.000000    85.000000  2066.000000
     HOU     6         6       1     3      5     6    755   1778    453    585    109     299     702   1001     450   467    260   455    126   2072      1883.0       362.0       152.0       456.0        297.0        685.0        452.0      561.0       248.0      433.0       120.0      1994.0  1910.500000   366.000000   138.000000   437.000000    293.500000    648.500000    462.500000  604.500000   240.500000  456.500000   102.500000  2030.000000
     HOU     6         6       1     4      5     6    828   1916    473    600    115     266     764   1030     465   490    231   450    129   2244      1880.0       331.0       151.0       489.0        309.0        664.0        446.0      606.0       262.0      464.0        71.0      1892.0  1900.333333   354.333333   142.333333   454.333333    298.666667    653.666667    457.000000  605.000000   247.666667  459.000000    92.000000  1984.000000
     HOU     6         6       1     5     18     6    798   1933    458    615    123     311     724   1035     451   555    242   484    107   2177      2030.0       325.0       169.0       500.0        298.0        708.0        516.0      634.0       227.0      430.0       122.0      2142.0  1931.000000   339.333333   157.333333   481.666667    301.333333    685.666667    471.333333  600.333333   245.666667  442.333333   104.333333  2009.333333
     HOU     6         6       1     6     18     6    860   1920    527    690     62     276     684    960     467   581    246   425    105   2309      2008.0       391.0       152.0       434.0        335.0        720.0        539.0      655.0       258.0      471.0       129.0      2211.0  1972.666667   349.000000   157.333333   474.333333    314.000000    697.333333    500.333333  631.666667   249.000000  455.000000   107.333333  2081.666667
     HOU     6         6       1     7     18     6    928   2098    482    678    169     303     822   1125     532   617    252   566     84   2507      1944.0       419.0       148.0       423.0        274.0        687.0        541.0      685.0       197.0      481.0       111.0      2263.0  1994.000000   378.333333   156.333333   452.333333    302.333333    705.000000    532.000000  658.000000   227.333333  460.666667   120.666667  2205.333333
     HOU     6         6       1     8     18     6    915   2149    554    721    126     374     770   1144     558   655    289   633    109   2510      2232.0       445.0       148.0       496.0        337.0        787.0        526.0      705.0       298.0      519.0        89.0      2449.0  2061.333333   418.333333   149.333333   451.000000    315.333333    731.333333    535.333333  681.666667   251.000000  490.333333   109.666667  2307.666667
     HOU     6         6       1     9     18     6    923   2213    563    736    152     376     803   1179     556   728    295   599    120   2561      2190.0       578.0       202.0       581.0        342.0        721.0        588.0      677.0       310.0      568.0       160.0      2628.0  2122.000000   480.666667   166.000000   500.000000    317.666667    731.666667    551.666667  689.000000   268.333333  522.666667   120.000000  2446.666667
     IND     7         7       0     1      6     7    796   1838    428    569    193     285     647    932     501   642    271   518    126   2213         NaN         NaN         NaN         NaN          NaN          NaN          NaN        NaN         NaN        NaN         NaN         NaN          NaN          NaN          NaN          NaN           NaN           NaN           NaN         NaN          NaN         NaN          NaN          NaN
     IND     7         7       0     2      6     7    762   1822    472    591    157     286     649    935     458   600    242   491    118   2153      1868.0       503.0       109.0       358.0        321.0        633.0        528.0      612.0       267.0      476.0        75.0      2290.0  1868.000000   503.000000   109.000000   358.000000    321.000000    633.000000    528.000000  612.000000   267.000000  476.000000    75.000000  2290.000000
     IND     7         7       0     3      6     7    731   1825    455    580    180     315     633    948     447   559    268   438    100   2097      1899.0       412.0       131.0       367.0        306.0        660.0        565.0      616.0       256.0      466.0       140.0      2249.0  1883.500000   457.500000   120.000000   362.500000    313.500000    646.500000    546.500000  614.000000   261.500000  471.000000   107.500000  2269.500000
     IND     7         7       0     4      6     7    839   2011    449    563    210     334     654    988     539   668    299   474    121   2337      1817.0       359.0       162.0       464.0        288.0        644.0        507.0      647.0       226.0      470.0       145.0      2129.0  1861.333333   424.666667   134.000000   396.333333    305.000000    645.666667    533.333333  625.000000   249.666667  470.666667   120.000000  2222.666667
     IND     7         7       0     5      6     7    791   2011    450    580    166     396     705   1101     555   639    261   486    134   2198      1908.0       490.0       157.0       421.0        309.0        677.0        570.0      631.0       227.0      512.0       170.0      2321.0  1874.666667   420.333333   150.000000   417.333333    301.000000    660.333333    547.333333  631.333333   236.333333  482.666667   151.666667  2233.000000
     IND     7         7       0     6      6     7    784   1958    452    595    150     341     671   1012     493   668    336   477     95   2170      1865.0       516.0       121.0       352.0        281.0        688.0        514.0      603.0       268.0      466.0       162.0      2245.0  1863.333333   455.000000   146.666667   412.333333    292.666667    669.666667    530.333333  627.000000   240.333333  482.666667   159.000000  2231.666667
     IND     7         7       0     7      6     7    873   2144    518    676    171     339     755   1094     501   606    354   528     93   2435      1798.0       460.0       123.0       367.0        279.0        711.0        435.0      644.0       234.0      558.0       113.0      2133.0  1857.000000   488.666667   133.666667   380.000000    289.666667    692.000000    506.333333  626.000000   243.000000  512.000000   148.333333  2233.000000
     IND     7         7       0     8      6     7    907   2167    478    617    188     341     812   1153     511   646    308   589    136   2480      2043.0       413.0       137.0       444.0        288.0        773.0        507.0      685.0       259.0      617.0       105.0      2316.0  1902.000000   463.000000   127.000000   387.666667    282.666667    724.000000    485.333333  644.000000   253.666667  547.000000   126.666667  2231.333333
     IND     7         7       0     9      6     7    876   2179    495    656    226     349     778   1127     500   727    324   585    165   2473      2192.0       450.0       158.0       483.0        369.0        795.0        475.0      663.0       280.0      610.0       114.0      2370.0  2011.000000   441.000000   139.333333   431.333333    312.000000    759.666667    472.333333  664.000000   257.666667  595.000000   110.666667  2273.000000
     LAS     8         8       1     1     14     8    861   1956    545    693    150     308     783   1091     586   705    271   466    156   2417         NaN         NaN         NaN         NaN          NaN          NaN          NaN        NaN         NaN        NaN         NaN         NaN          NaN          NaN          NaN          NaN           NaN           NaN           NaN         NaN          NaN         NaN          NaN          NaN
     LAS     8         8       1     2     14     8    916   2031    449    594    160     350     755   1105     596   616    281   438    138   2441      1963.0       495.0       122.0       413.0        300.0        678.0        445.0      650.0       243.0      485.0       105.0      2169.0  1963.000000   495.000000   122.000000   413.000000    300.000000    678.000000    445.000000  650.000000   243.000000  485.000000   105.000000  2169.000000
     LAS     8         8       1     3     14     8    891   2002    476    645    194     329     814   1143     583   664    257   517    161   2452      1985.0       416.0       192.0       603.0        294.0        627.0        538.0      591.0       234.0      453.0       114.0      2166.0  1974.000000   455.500000   157.000000   508.000000    297.000000    652.500000    491.500000  620.500000   238.500000  469.000000   109.500000  2167.500000
     LAS     8         8       1     4     14     8    894   2140    537    678    174     336     813   1149     587   682    242   470    161   2499      2040.0       480.0       163.0       521.0        314.0        645.0        508.0      623.0       275.0      453.0       111.0      2235.0  1996.000000   463.666667   159.000000   512.333333    302.666667    650.000000    497.000000  621.333333   250.666667  463.666667   110.000000  2190.000000
     LAS     8         8       1     5     14     8    904   2069    530    722    157     312     809   1121     626   731    262   529    148   2495      2147.0       504.0       196.0       540.0        316.0        789.0        572.0      654.0       241.0      468.0       127.0      2432.0  2057.333333   466.666667   183.666667   554.666667    308.000000    687.000000    539.333333  622.666667   250.000000  458.000000   117.333333  2277.666667
     LAS     8         8       1     6     14     8    873   2042    456    630    124     321     683   1004     551   737    264   492    136   2326      2095.0       557.0       174.0       511.0        339.0        727.0        532.0      704.0       288.0      523.0       114.0      2361.0  2094.000000   513.666667   177.666667   524.000000    323.000000    720.333333    537.333333  660.333333   268.000000  481.333333   117.333333  2342.666667
     LAS     8         8       1     7     14     8    962   2195    540    726    111     350     852   1202     610   679    296   534    129   2575      1955.0       527.0       182.0       519.0        332.0        709.0        567.0      654.0       247.0      544.0       115.0      2345.0  2065.666667   529.333333   184.000000   523.333333    329.000000    741.666667    557.000000  670.666667   258.666667  511.666667   118.666667  2379.333333
     LAS     8         8       1     8     14     8    940   2305    493    627    160     356     783   1139     554   732    245   571    107   2533      2184.0       534.0       196.0       570.0        336.0        746.0        565.0      636.0       284.0      556.0       128.0      2476.0  2078.000000   539.333333   184.000000   533.333333    335.666667    727.333333    554.666667  664.666667   273.000000  541.000000   119.000000  2394.000000
     LAS     8         8       1     9     14     8    954   2248    539    717    151     386     896   1282     613   713    251   608    216   2598      2212.0       609.0       191.0       537.0        343.0        836.0        616.0      605.0       290.0      550.0       137.0      2708.0  2117.000000   556.666667   189.666667   542.000000    337.000000    763.666667    582.666667  631.666667   273.666667  550.000000   126.666667  2509.666667
     MIA     9         9       0     1      2     9    647   1774    452    664     85     365     595    960     415   707    272   524     88   1831         NaN         NaN         NaN         NaN          NaN          NaN          NaN        NaN         NaN        NaN         NaN         NaN          NaN          NaN          NaN          NaN           NaN           NaN           NaN         NaN          NaN         NaN          NaN          NaN
     MIA     9         9       0     2      2     9    754   1826    356    469     93     292     651    943     467   602    300   448    153   1957      1676.0       454.0       117.0       315.0        275.0        648.0        416.0      661.0       247.0      528.0       118.0      2001.0  1676.000000   454.000000   117.000000   315.000000    275.000000    648.000000    416.000000  661.000000   247.000000  528.000000   118.000000  2001.000000
     MIA     9         9       0     3      2     9    774   1856    369    529    129     296     573    869     476   643    274   435     96   2046      1725.0       420.0       120.0       395.0        301.0        667.0        388.0      538.0       259.0      512.0        87.0      1898.0  1700.500000   437.000000   118.500000   355.000000    288.000000    657.500000    402.000000  599.500000   253.000000  520.000000   102.500000  1949.500000
     MIN    10        10       1     1     15    10    770   1831    449    592    204     258     612    870     495   690    237   497     63   2193         NaN         NaN         NaN         NaN          NaN          NaN          NaN        NaN         NaN        NaN         NaN         NaN          NaN          NaN          NaN          NaN           NaN           NaN           NaN         NaN          NaN         NaN          NaN          NaN
     MIN    10        10       1     2     15    10    671   1810    559    727    176     308     693   1001     437   695    210   507    127   2077      1758.0       514.0       164.0       481.0        300.0        677.0        472.0      707.0       275.0      547.0       130.0      2188.0  1758.000000   514.000000   164.000000   481.000000    300.000000    677.000000    472.000000  707.000000   275.000000  547.000000   130.000000  2188.000000
     MIN    10        10       1     3     15    10    727   1775    383    578    166     309     650    959     466   617    226   529    102   2003      1927.0       499.0       153.0       472.0        328.0        688.0        511.0      719.0       259.0      470.0       126.0      2156.0  1842.500000   506.500000   158.500000   476.500000    314.000000    682.500000    491.500000  713.000000   267.000000  508.500000   128.000000  2172.000000
     MIN    10        10       1     4     15    10    875   1978    450    624    180     361     718   1079     580   634    242   558    101   2380      1807.0       469.0       141.0       389.0        302.0        612.0        495.0      618.0       273.0      465.0       117.0      2104.0  1830.666667   494.000000   152.666667   447.333333    310.000000    659.000000    492.666667  681.333333   269.000000  494.000000   124.333333  2149.333333
     MIN    10        10       1     5     15    10    767   1900    454    640    177     332     724   1056     526   660    257   613    139   2165      2067.0       473.0       141.0       446.0        337.0        652.0        528.0      666.0       271.0      471.0       126.0      2370.0  1933.666667   480.333333   145.000000   435.666667    322.333333    650.666667    511.333333  667.666667   267.666667  468.666667   123.000000  2210.000000
     MIN    10        10       1     6     15    10    801   1946    437    601    172     310     715   1025     531   624    258   536    127   2211      1972.0       490.0        92.0       330.0        323.0        713.0        508.0      676.0       333.0      502.0       133.0      2190.0  1948.666667   477.333333   124.666667   388.333333    320.666667    659.000000    510.333333  653.333333   292.333333  479.333333   125.333333  2221.333333
     MIN    10        10       1     7     15    10    945   2211    485    681    148     340     804   1144     491   654    193   530    113   2523      2019.0       435.0       129.0       376.0        344.0        711.0        537.0      665.0       275.0      487.0       144.0      2288.0  2019.333333   466.000000   120.666667   384.000000    334.666667    692.000000    524.333333  669.000000   293.000000  486.666667   134.333333  2282.666667
     MIN    10        10       1     8     15    10    971   2355    531    674    163     397     785   1182     596   713    238   561     95   2636      2314.0       548.0       179.0       542.0        372.0        832.0        625.0      633.0       308.0      438.0       124.0      2735.0  2101.666667   491.000000   133.333333   416.000000    346.333333    752.000000    556.666667  658.000000   305.333333  475.666667   133.666667  2404.333333
     MIN    10        10       1     9     15    10    991   2303    652    864    133     353     792   1145     557   751    309   472    131   2767      2195.0       614.0       162.0       461.0        318.0        800.0        565.0      645.0       279.0      529.0       147.0      2752.0  2176.000000   532.333333   156.666667   459.666667    344.666667    781.000000    575.666667  647.666667   287.333333  484.666667   138.333333  2591.666667
     NYL    11        11       0     1      9    11    792   1815    429    567    135     288     652    940     477   617    246   474    102   2148         NaN         NaN         NaN         NaN          NaN          NaN          NaN        NaN         NaN        NaN         NaN         NaN          NaN          NaN          NaN          NaN           NaN           NaN           NaN         NaN          NaN         NaN          NaN          NaN
     NYL    11        11       0     2      9    11    833   1828    336    500    160     255     660    915     553   616    265   437     82   2162      1822.0       437.0       116.0       420.0        320.0        647.0        462.0      645.0       223.0      479.0        94.0      2035.0  1822.000000   437.000000   116.000000   420.000000    320.000000    647.000000    462.000000  645.000000   223.000000  479.000000    94.000000  2035.000000
     NYL    11        11       0     3      9    11    772   1740    400    567    145     260     610    870     496   638    261   458    100   2089      1759.0       461.0       133.0       394.0        304.0        679.0        430.0      600.0       223.0      496.0        76.0      2082.0  1790.500000   449.000000   124.500000   407.000000    312.000000    663.000000    446.000000  622.500000   223.000000  487.500000    85.000000  2058.500000
     NYL    11        11       0     4      9    11    825   1923    412    537    181     271     686    957     527   587    262   470    128   2243      1733.0       484.0       149.0       434.0        312.0        649.0        410.0      597.0       228.0      478.0        88.0      2015.0  1771.333333   460.666667   132.666667   416.000000    312.000000    658.333333    434.000000  614.000000   224.666667  484.333333    86.000000  2044.000000
     NYL    11        11       0     5      9    11    819   1932    398    531    216     263     741   1004     539   587    209   506    124   2252      1959.0       459.0       155.0       467.0        326.0        736.0        506.0      614.0       269.0      480.0        96.0      2256.0  1817.000000   468.000000   145.666667   431.666667    314.000000    688.000000    448.666667  603.666667   240.000000  484.666667    86.666667  2117.666667
     NYL    11        11       0     6      9    11    828   1860    452    552    208     242     732    974     498   613    214   462    112   2316      2096.0       431.0       132.0       416.0        371.0        730.0        517.0      589.0       288.0      430.0       123.0      2297.0  1929.333333   458.000000   145.333333   439.000000    336.333333    705.000000    477.666667  600.000000   261.666667  462.666667   102.333333  2189.333333
     NYL    11        11       0     7      9    11    822   2069    512    650    216     285     736   1021     475   674    252   576    112   2372      2012.0       442.0       125.0       398.0        345.0        685.0        473.0      590.0       275.0      411.0        86.0      2285.0  2022.333333   444.000000   137.333333   427.000000    347.333333    717.000000    498.666667  597.666667   277.333333  440.333333   101.666667  2279.333333
     NYL    11        11       0     8      9    11    870   2087    430    580    243     287     788   1075     500   618    289   612    109   2413      2153.0       553.0       171.0       461.0        341.0        832.0        508.0      668.0       270.0      485.0       134.0      2656.0  2087.000000   475.333333   142.666667   425.000000    352.333333    749.000000    499.333333  615.666667   277.666667  442.000000   114.333333  2412.666667
     NYL    11        11       0     9      9    11    912   2168    490    653    259     327     778   1105     551   655    290   547    117   2573      2223.0       471.0       190.0       589.0        378.0        837.0        509.0      608.0       321.0      562.0       115.0      2501.0  2129.333333   488.666667   162.000000   482.666667    354.666667    784.666667    496.666667  622.000000   288.666667  486.000000   111.666667  2480.666667
     ORL    12         4       0     1      3    12    833   1911    397    546    145     319     606    925     473   583    255   486    130   2208         NaN         NaN         NaN         NaN          NaN          NaN          NaN        NaN         NaN        NaN         NaN         NaN          NaN          NaN          NaN          NaN           NaN           NaN           NaN         NaN          NaN         NaN          NaN          NaN
     ORL    12         4       0     2      3    12    768   1914    430    587    174     356     614    970     452   643    320   532    125   2140      1964.0       378.0       153.0       450.0        348.0        669.0        536.0      637.0       264.0      500.0       108.0      2233.0  1964.000000   378.000000   153.000000   450.000000    348.000000    669.000000    536.000000  637.000000   264.000000  500.000000   108.000000  2233.000000
     ORL    12         4       0     3      3    12    808   1914    493    646    145     320     595    915     446   669    295   456    113   2254      1831.0       436.0       157.0       438.0        316.0        659.0        534.0      600.0       298.0      546.0       114.0      2205.0  1897.500000   407.000000   155.000000   444.000000    332.000000    664.000000    535.000000  618.500000   281.000000  523.000000   111.000000  2219.000000
     PHO    13        12       1     1     20    13    803   1800    513    661    124     275     619    894     465   630    285   429     91   2243         NaN         NaN         NaN         NaN          NaN          NaN          NaN        NaN         NaN        NaN         NaN         NaN          NaN          NaN          NaN          NaN           NaN           NaN           NaN         NaN          NaN         NaN          NaN          NaN
     PHO    13        12       1     2     20    13    767   1894    429    587    101     300     642    942     514   625    292   519    138   2064      1828.0       421.0       135.0       416.0        334.0        635.0        486.0      699.0       224.0      531.0        91.0      2102.0  1828.000000   421.000000   135.000000   416.000000    334.000000    635.000000    486.000000  699.000000   224.000000  531.000000    91.000000  2102.000000
     PHO    13        12       1     3     20    13    793   1889    405    538    100     292     626    918     427   623    267   501     94   2091      1892.0       462.0       137.0       391.0        333.0        698.0        524.0      603.0       283.0      517.0       127.0      2169.0  1860.000000   441.500000   136.000000   403.500000    333.500000    666.500000    505.000000  651.000000   253.500000  524.000000   109.000000  2135.500000
     PHO    13        12       1     4     20    13    801   2095    379    556    116     357     643   1000     461   664    310   479    111   2097      1870.0       436.0       155.0       388.0        309.0        692.0        532.0      600.0       268.0      491.0       127.0      2291.0  1863.333333   439.666667   142.333333   398.333333    325.333333    675.000000    514.000000  634.000000   258.333333  513.000000   115.000000  2187.333333
     PHO    13        12       1     5     20    13    826   1922    456    598    192     264     652    916     501   748    282   464    137   2300      1867.0       466.0       136.0       371.0        303.0        811.0        509.0      667.0       275.0      610.0       146.0      2270.0  1876.333333   454.666667   142.666667   383.333333    315.000000    733.666667    521.666667  623.333333   275.333333  539.333333   133.333333  2243.333333
     PHO    13        12       1     6     20    13    826   1994    531    693    178     342     720   1062     549   697    243   517    179   2361      1845.0       534.0       133.0       348.0        309.0        711.0        456.0      660.0       226.0      536.0       137.0      2235.0  1860.666667   478.666667   141.333333   369.000000    307.000000    738.000000    499.000000  642.333333   256.333333  545.666667   136.666667  2265.333333
     PHO    13        12       1     7     20    13   1079   2434    537    684    265     334     811   1145     640   741    275   442    127   2960      1993.0       523.0       121.0       332.0        319.0        705.0        470.0      672.0       265.0      483.0       112.0      2354.0  1901.666667   507.666667   130.000000   350.333333    310.333333    742.333333    478.333333  666.333333   255.333333  543.000000   131.666667  2286.333333
     PHO    13        12       1     8     20    13   1063   2419    616    754    283     279     873   1152     683   658    285   486    159   3025      2360.0       630.0       203.0       618.0        408.0        875.0        578.0      669.0       231.0      537.0       126.0      2879.0  2066.000000   562.333333   152.333333   432.666667    345.333333    763.666667    501.333333  667.000000   240.666667  518.666667   125.000000  2489.333333
     PHO    13        12       1     9     20    13   1069   2485    642    773    230     375     851   1226     560   794    232   489    156   3010      2526.0       570.0       290.0       762.0        445.0        945.0        628.0      684.0       244.0      595.0       109.0      2904.0  2293.000000   574.333333   204.666667   570.666667    390.666667    841.666667    558.666667  675.000000   246.666667  538.333333   115.666667  2712.333333
     POR    14        13       1     1     13    14    761   1828    488    697    145     309     627    936     480   761    265   593     93   2155         NaN         NaN         NaN         NaN          NaN          NaN          NaN        NaN         NaN        NaN         NaN         NaN          NaN          NaN          NaN          NaN           NaN           NaN           NaN         NaN          NaN         NaN          NaN          NaN
     POR    14        13       1     2     13    14    733   1891    450    612    172     300     696    996     451   633    244   500    106   2088      1847.0       577.0       150.0       447.0        307.0        646.0        487.0      729.0       277.0      531.0       130.0      2303.0  1847.000000   577.000000   150.000000   447.000000    307.000000    646.000000    487.000000  729.000000   277.000000  531.000000   130.000000  2303.000000
     POR    14        13       1     3     13    14    829   1951    410    564    127     307     641    948     492   623    239   493    120   2195      1944.0       461.0       159.0       410.0        343.0        763.0        501.0      643.0       293.0      474.0       144.0      2202.0  1895.500000   519.000000   154.500000   428.500000    325.000000    704.500000    494.000000  686.000000   285.000000  502.500000   137.000000  2252.500000
     SAC    15        14       1     1      0    15    876   1993    449    650    142     388     650   1038     567   571    332   458    157   2343         NaN         NaN         NaN         NaN          NaN          NaN          NaN        NaN         NaN        NaN         NaN         NaN          NaN          NaN          NaN          NaN           NaN           NaN           NaN         NaN          NaN         NaN          NaN          NaN
     SAC    15        14       1     2      0    15    837   1974    457    618    163     374     723   1097     558   588    276   494    158   2294      1918.0       410.0       144.0       418.0        320.0        631.0        503.0      600.0       226.0      524.0       116.0      2176.0  1918.000000   410.000000   144.000000   418.000000    320.000000    631.000000    503.000000  600.000000   226.000000  524.000000   116.000000  2176.000000
     SAC    15        14       1     3      0    15    780   1945    494    653    112     301     648    949     500   675    247   456    109   2166      2003.0       415.0       116.0       400.0        343.0        662.0        496.0      616.0       261.0      481.0       143.0      2139.0  1960.500000   412.500000   130.000000   409.000000    331.500000    646.500000    499.500000  608.000000   243.500000  502.500000   129.500000  2157.500000
     SAC    15        14       1     4      0    15    862   2107    425    626    150     349     718   1067     568   641    297   461    122   2299      1944.0       515.0       149.0       453.0        352.0        723.0        493.0      633.0       233.0      496.0       128.0      2294.0  1955.000000   446.666667   136.333333   423.666667    338.333333    672.000000    497.333333  616.333333   240.000000  500.333333   129.000000  2203.000000
     SAC    15        14       1     5      0    15    874   2072    435    604    129     389     635   1024     519   641    314   485    118   2312      1991.0       435.0       149.0       467.0        345.0        751.0        516.0      640.0       224.0      576.0       141.0      2216.0  1979.333333   455.000000   138.000000   440.000000    346.666667    712.000000    501.666667  629.666667   239.333333  517.666667   137.333333  2216.333333
     SAC    15        14       1     6      0    15    853   1986    494    721    129     369     674   1043     527   684    304   500    108   2329      1872.0       474.0       161.0       458.0        310.0        676.0        513.0      646.0       241.0      593.0       117.0      2241.0  1935.666667   474.666667   153.000000   459.333333    335.666667    716.666667    507.333333  639.666667   232.666667  555.000000   128.666667  2250.333333
     SAC    15        14       1     7      0    15    919   2190    542    741    157     418     720   1138     509   670    330   542     88   2537      1823.0       478.0       113.0       376.0        273.0        694.0        463.0      723.0       235.0      622.0       132.0      2093.0  1895.333333   462.333333   141.000000   433.666667    309.333333    707.000000    497.333333  669.666667   233.333333  597.000000   130.000000  2183.333333
     SAC    15        14       1     8      0    15    901   2214    572    745    153     452     723   1175     537   642    325   611    101   2527      2021.0       504.0       156.0       507.0        294.0        725.0        507.0      687.0       244.0      633.0       143.0      2404.0  1905.333333   485.333333   143.333333   447.000000    292.333333    698.333333    494.333333  685.333333   240.000000  616.000000   130.666667  2246.000000
     SAC    15        14       1     9      0    15    883   2159    611    816    168     388     721   1109     473   690    319   586     77   2545      2081.0       512.0       186.0       547.0        308.0        718.0        542.0      689.0       274.0      649.0       141.0      2480.0  1975.000000   498.000000   151.666667   476.666667    291.666667    712.333333    504.000000  699.666667   251.000000  634.666667   138.666667  2325.666667
     SAS    16        15       1     4      1    16    792   2068    538    736     93     350     795   1145     428   728    187   513    167   2215         NaN         NaN         NaN         NaN          NaN          NaN          NaN        NaN         NaN        NaN         NaN         NaN          NaN          NaN          NaN          NaN           NaN           NaN           NaN         NaN          NaN         NaN          NaN          NaN
     SAS    16        15       1     5      1    16    812   1940    488    628     79     302     701   1003     493   628    272   513    106   2191      2176.0       544.0       149.0       482.0        389.0        783.0        530.0      669.0       275.0      424.0       140.0      2427.0  2176.000000   544.000000   149.000000   482.000000    389.000000    783.000000    530.000000  669.000000   275.000000  424.000000   140.000000  2427.000000
     SAS    16        15       1     6      1    16    764   1833    503    652    110     256     690    946     433   650    195   535     90   2141      2003.0       416.0       172.0       469.0        324.0        710.0        575.0      624.0       280.0      492.0       129.0      2364.0  2089.500000   480.000000   160.500000   475.500000    356.500000    746.500000    552.500000  646.500000   277.500000  458.000000   134.500000  2395.500000
     SAS    16        15       1     7      1    16    915   2255    504    672    189     354     814   1168     540   610    246   488     83   2523      2059.0       463.0       142.0       408.0        351.0        704.0        563.0      685.0       283.0      429.0       148.0      2401.0  2079.333333   474.333333   154.333333   453.000000    354.666667    732.333333    556.000000  659.333333   279.333333  448.333333   139.000000  2397.333333
     SAS    16        15       1     8      1    16    923   2176    464    577    207     323     764   1087     567   653    283   558    130   2517      2262.0       490.0       165.0       459.0        372.0        865.0        560.0      641.0       254.0      480.0       129.0      2603.0  2108.000000   456.333333   159.666667   445.333333    349.000000    759.666667    566.000000  650.000000   272.333333  467.000000   135.333333  2456.000000
     SAS    16        15       1     9      1    16    901   2080    561    694    183     246     847   1093     601   602    272   525    150   2546      2139.0       529.0       147.0       454.0        361.0        776.0        516.0      619.0       257.0      583.0       137.0      2484.0  2153.333333   494.000000   151.333333   440.333333    361.333333    781.666667    546.333333  648.333333   264.666667  497.333333   138.000000  2496.000000
     SEA    17        16       1     1      8    17    667   1740    379    561    109     256     537    793     390   648    255   525     93   1822         NaN         NaN         NaN         NaN          NaN          NaN          NaN        NaN         NaN        NaN         NaN         NaN          NaN          NaN          NaN          NaN           NaN           NaN           NaN         NaN          NaN         NaN          NaN          NaN
     SEA    17        16       1     2      8    17    689   1821    415    606    128     306     585    891     412   605    273   431    127   1921      1721.0       498.0       117.0       334.0        288.0        721.0        506.0      618.0       284.0      529.0       123.0      2171.0  1721.000000   498.000000   117.000000   334.000000    288.000000    721.000000    506.000000  618.000000   284.000000  529.000000   123.000000  2171.000000
     SEA    17        16       1     3      8    17    794   1948    418    543    182     362     633    995     514   623    282   477    151   2188      1750.0       417.0       125.0       325.0        296.0        756.0        492.0      588.0       228.0      519.0       127.0      2048.0  1735.500000   457.500000   121.000000   329.500000    292.000000    738.500000    499.000000  603.000000   256.000000  524.000000   125.000000  2109.500000
     SEA    17        16       1     4      8    17    890   2045    442    567    166     342     732   1074     548   644    232   465    138   2388      1818.0       435.0       102.0       342.0        307.0        662.0        488.0      563.0       254.0      531.0       125.0      2103.0  1763.000000   450.000000   114.666667   333.666667    297.000000    713.000000    495.333333  589.666667   255.333333  526.333333   125.000000  2107.333333
     SEA    17        16       1     5      8    17    873   2025    524    676    167     350     709   1059     552   665    302   499    131   2437      2039.0       441.0       145.0       437.0        352.0        689.0        456.0      570.0       245.0      459.0       104.0      2274.0  1869.000000   431.000000   124.000000   368.000000    318.333333    702.333333    478.666667  573.666667   242.333333  503.000000   118.666667  2141.666667
     SEA    17        16       1     6      8    17    906   2066    544    688    142     323     776   1099     520   657    201   516    158   2498      1989.0       423.0       139.0       391.0        303.0        679.0        507.0      678.0       252.0      527.0       137.0      2264.0  1948.666667   433.000000   128.666667   390.000000    320.666667    676.666667    483.666667  603.666667   250.333333  505.666667   122.000000  2213.666667
     SEA    17        16       1     7      8    17    961   2124    562    712    160     327     821   1148     514   682    232   570    127   2644      2163.0       490.0       133.0       419.0        334.0        686.0        568.0      691.0       267.0      438.0       154.0      2407.0  2063.666667   451.333333   139.000000   415.666667    329.666667    684.666667    510.333333  646.333333   254.666667  474.666667   131.666667  2315.000000
     SEA    17        16       1     8      8    17    964   2210    582    715    224     344     820   1164     533   620    242   533    151   2734      2218.0       531.0       164.0       484.0        322.0        709.0        520.0      683.0       297.0      485.0       115.0      2575.0  2123.333333   481.333333   145.333333   431.333333    319.666667    691.333333    531.666667  684.000000   272.000000  483.333333   135.333333  2415.333333
     SEA    17        16       1     9      8    17    899   2112    552    728    143     340     822   1162     530   684    269   526    140   2493      2321.0       478.0       195.0       528.0        333.0        761.0        591.0      642.0       272.0      495.0       112.0      2647.0  2234.000000   499.666667   164.000000   477.000000    329.666667    718.666667    559.666667  672.000000   278.666667  472.666667   127.000000  2543.000000
     UTA    18        15       1     1      7    18    858   1896    609    790     88     348     732   1080     522   698    214   544    157   2413         NaN         NaN         NaN         NaN          NaN          NaN          NaN        NaN         NaN        NaN         NaN         NaN          NaN          NaN          NaN          NaN           NaN           NaN           NaN         NaN          NaN         NaN          NaN          NaN
     UTA    18        15       1     2      7    18    811   1849    507    675     78     295     775   1070     524   622    202   493    156   2207      1964.0       531.0       156.0       448.0        313.0        598.0        503.0      702.0       301.0      437.0       112.0      2407.0  1964.000000   531.000000   156.000000   448.000000    313.000000    598.000000    503.000000  702.000000   301.000000  437.000000   112.000000  2407.000000
     UTA    18        15       1     3      7    18    843   1911    643    844     89     347     721   1068     478   665    228   522    178   2418      1976.0       489.0       125.0       429.0        344.0        630.0        478.0      645.0       275.0      390.0       148.0      2192.0  1970.000000   510.000000   140.500000   438.500000    328.500000    614.000000    490.500000  673.500000   288.000000  413.500000   130.000000  2299.500000
     WAS    19        17       0     1     21    19    832   1813    403    578    109     300     646    946     521   597    245   506    126   2176         NaN         NaN         NaN         NaN          NaN          NaN          NaN        NaN         NaN        NaN         NaN         NaN          NaN          NaN          NaN          NaN           NaN           NaN           NaN         NaN          NaN         NaN          NaN          NaN
     WAS    19        17       0     2     21    19    739   1915    333    504    117     356     699   1055     424   537    257   495    127   1928      1875.0       382.0       149.0       397.0        299.0        612.0        513.0      595.0       261.0      456.0       102.0      2221.0  1875.000000   382.000000   149.000000   397.000000    299.000000    612.000000    513.000000  595.000000   261.000000  456.000000   102.000000  2221.000000
     WAS    19        17       0     3     21    19    806   1910    359    478    164     330     708   1038     516   583    221   455     94   2135      1945.0       347.0       146.0       408.0        331.0        737.0        487.0      543.0       261.0      454.0       103.0      2075.0  1910.000000   364.500000   147.500000   402.500000    315.000000    674.500000    500.000000  569.000000   261.000000  455.000000   102.500000  2148.000000
     WAS    19        17       0     4     21    19    896   2191    381    507    157     382     703   1085     568   676    213   462     99   2330      1903.0       397.0       147.0       446.0        309.0        680.0        442.0      570.0       237.0      441.0       101.0      2116.0  1907.666667   375.333333   147.333333   417.000000    313.000000    676.333333    480.666667  569.333333   253.000000  450.333333   102.000000  2137.333333
     WAS    19        17       0     5     21    19    873   2088    474    661    105     337     726   1063     467   652    255   424    128   2325      2033.0       509.0       171.0       482.0        334.0        781.0        591.0      565.0       251.0      468.0       119.0      2498.0  1960.333333   417.666667   154.666667   445.333333    324.666667    732.666667    506.666667  559.333333   249.666667  454.333333   107.666667  2229.666667
     WAS    19        17       0     6     21    19    847   1968    388    546    181     266     677    943     517   697    260   435     76   2263      2013.0       510.0       146.0       425.0        336.0        770.0        534.0      627.0       237.0      492.0       111.0      2384.0  1983.000000   472.000000   154.666667   451.000000    326.333333    743.666667    522.333333  587.333333   241.666667  467.000000   110.333333  2332.666667
     WAS    19        17       0     7     21    19   1016   2199    528    715    187     330     770   1100     576   784    306   541    113   2747      1872.0       489.0       150.0       433.0        267.0        757.0        545.0      638.0       205.0      504.0       108.0      2305.0  1972.666667   502.666667   155.666667   446.666667    312.333333    769.333333    556.666667  610.000000   231.000000  488.000000   112.666667  2395.666667
     WAS    19        17       0     8     21    19    877   2170    668    839    163     335     783   1118     472   763    282   571    133   2585      2102.0       635.0       204.0       553.0        321.0        720.0        583.0      687.0       252.0      573.0        89.0      2657.0  1995.666667   544.666667   166.666667   470.333333    308.000000    749.000000    554.000000  650.666667   231.333333  523.000000   102.666667  2448.666667
     WAS    19        17       0     9     21    19    885   2131    435    659    163     362     770   1132     483   757    241   637     93   2368      2216.0       616.0       175.0       520.0        383.0        825.0        549.0      762.0       256.0      579.0       103.0      2639.0  2063.333333   580.000000   176.333333   502.000000    323.666667    767.333333    559.000000  695.666667   237.666667  552.000000   100.000000  2533.666667