tmID_raw  tmID  franchID  confID  year  arena  o_fgm  o_fga  o_ftm  o_fta  o_3pm  o_oreb  o_dreb  o_reb  o_asts  o_pf  o_stl  o_to  o_blk  o_pts  d_fga  d_ftm  d_3pm  d_3pa  d_oreb  d_dreb  d_asts  d_pf  d_stl  d_to  d_blk  d_pts  prev_won  roll3_won
     CHA     0         0       0     1      4    812   1903    431    577    131     305     630    935     551   713    222   496     90   2186   1930    533    138    423     326     664     596   596    259   426    123   2429       NaN        NaN
     CHA     0         0       0     2      4    746   1780    410    528    153     309     639    948     467   605    217   474    114   2055   1846    431    114    369     344     567     443   579    257   447    124   2009       8.0   8.000000
     CHA     0         0       0     3      4    770   1790    490    663    211     302     653    955     496   647    241   408    105   2241   1807    444    133    372     295     620     489   600    208   424    103   2133      18.0  13.000000
     CHA     0         0       0     4      4    787   1881    456    590    187     342     629    971     499   697    279   497    115   2217   1902    477    138    407     386     621     491   606    264   469    104   2195      18.0  14.666667
     CHA     0         0       0     5      4    745   1744    436    590    166     256     616    872     426   648    210   479    134   2092   1932    438    130    349     368     628     516   595    243   437    114   2168      18.0  18.000000
     CHA     0         0       0     6      4    772   1913    447    624    104     316     609    925     493   727    284   535    113   2095   1888    509    124    339     355     700     496   654    269   534    146   2335      16.0  17.333333
     CLE     1         1       0     1     11    809   1828    426    570    141     331     603    934     539   647    259   538     91   2185   1761    455    119    368     277     596     540   693    305   552     95   2122       NaN        NaN
     CLE     1         1       0     2     11    763   1770    372    505    106     297     662    959     503   532    267   444     83   2004   1745    328    132    417     297     594     434   597    225   496    127   1788      17.0  17.000000
     CLE     1         1       0     3     11    760   1820    430    553    121     295     674    969     480   567    221   451     83   2071   1834    397    149    441     278     640     530   613    242   428    109   2140      22.0  19.500000
     CLE     1         1       0     4     11    815   1975    464    643    135     349     720   1069     517   639    226   466     86   2229   1927    465    127    355     300     704     510   659    223   467    135   2210      10.0  16.333333
     CON     2         2       0     4     10    864   2102    479    646    177     333     762   1095     520   663    270   434    111   2384   2104    509    172    536     366     812     553   669    252   476     88   2409       NaN        NaN
     CON     2         2       0     5     10    876   2051    434    590    149     321     724   1045     572   610    299   462     96   2335   1996    443    145    384     306     757     565   627    239   492    113   2304      18.0  18.000000
     CON     2         2       0     6     10    916   2025    512    688    130     322     788   1110     573   624    236   452    130   2474   2100    452    122    400     350     728     495   675    258   442     79   2244      18.0  18.000000
     DET     3         3       0     1     15    868   1980    519    699     76     341     644    985     503   701    260   530     88   2331   1967    480    136    372     331     640     513   672    284   543    148   2426       NaN        NaN
     DET     3         3       0     2     15    774   1914    412    542    143     324     621    945     469   602    225   498     82   2103   1837    446    127    340     279     702     438   591    262   483    109   2269      14.0  14.000000
     DET     3         3       0     3     15    766   1919    472    651    110     360     719   1079     478   609    201   541    132   2114   1984    464    146    447     314     669     465   637    277   443    139   2266      10.0  12.000000
     DET     3         3       0     4     15    902   2004    624    882    125     379     851   1230     545   605    263   608    158   2553   2286    412    161    541     390     674     504   774    309   497    129   2395       9.0  11.000000
     DET     3         3       0     5     15    874   2097    556    792     62     397     773   1170     564   648    277   513    148   2366   2098    470    191    533     325     730     515   728    289   496    131   2381      25.0  14.666667
     DET     3         3       0     6     15    831   2060    509    774     76     412     803   1215     474   761    241   571    155   2247   1945    565    154    456     273     745     473   744    272   520    136   2287      17.0  17.000000
     HOU     4         4       1     1      5    891   1894    521    634    172     273     724    997     494   554    284   440    104   2475   1938    370    124    418     290     612     473   648    233   480     85   2066       NaN        NaN
     HOU     4         4       1     2      5    747   1908    415    539    138     348     710   1058     426   509    251   436     95   2047   1883    362    152    456     297     685     452   561    248   433    120   1994      27.0  27.000000
     HOU     4         4       1     3      5    755   1778    453    585    109     299     702   1001     450   467    260   455    126   2072   1880    331    151    489     309     664     446   606    262   464     71   1892      19.0  23.000000
     HOU     4         4       1     4      5    828   1916    473    600    115     266     764   1030     465   490    231   450    129   2244   2030    325    169    500     298     708     516   634    227   430    122   2142      24.0  23.333333
     HOU     4         4       1     5     16    798   1933    458    615    123     311     724   1035     451   555    242   484    107   2177   2008    391    152    434     335     720     539   655    258   471    129   2211      20.0  21.000000
     HOU     4         4       1     6     16    860   1920    527    690     62     276     684    960     467   581    246   425    105   2309   1944    419    148    423     274     687     541   685    197   481    111   2263      13.0  19.000000
     IND     5         5       0     1      6    796   1838    428    569    193     285     647    932     501   642    271   518    126   2213   1868    503    109    358     321     633     528   612    267   476     75   2290       NaN        NaN
     IND     5         5       0     2      6    762   1822    472    591    157     286     649    935     458   600    242   491    118   2153   1899    412    131    367     306     660     565   616    256   466    140   2249       9.0   9.000000
     IND     5         5       0     3      6    731   1825    455    580    180     315     633    948     447   559    268   438    100   2097   1817    359    162    464     288     644     507   647    226   470    145   2129      10.0   9.500000
     IND     5         5       0     4      6    839   2011    449    563    210     334     654    988     539   668    299   474    121   2337   1908    490    157    421     309     677     570   631    227   512    170   2321      16.0  11.666667
     IND     5         5       0     5      6    791   2011    450    580    166     396     705   1101     555   639    261   486    134   2198   1865    516    121    352     281     688     514   603    268   466    162   2245      16.0  14.000000
     IND     5         5       0     6      6    784   1958    452    595    150     341     671   1012     493   668    336   477     95   2170   1798    460    123    367     279     711     435   644    234   558    113   2133      15.0  15.666667
     LAS     6         6       1     1     13    861   1956    545    693    150     308     783   1091     586   705    271   466    156   2417   1963    495    122    413     300     678     445   650    243   485    105   2169       NaN        NaN
     LAS     6         6       1     2     13    916   2031    449    594    160     350     755   1105     596   616    281   438    138   2441   1985    416    192    603     294     627     538   591    234   453    114   2166      28.0  28.000000
     LAS     6         6       1     3     13    891   2002    476    645    194     329     814   1143     583   664    257   517    161   2452   2040    480    163    521     314     645     508   623    275   453    111   2235      28.0  28.000000
     LAS     6         6       1     4     13    894   2140    537    678    174     336     813   1149     587   682    242   470    161   2499   2147    504    196    540     316     789     572   654    241   468    127   2432      25.0  27.000000
     LAS     6         6       1     5     13    904   2069    530    722    157     312     809   1121     626   731    262   529    148   2495   2095    557    174    511     339     727     532   704    288   523    114   2361      24.0  25.666667
     LAS     6         6       1     6     13    873   2042    456    630    124     321     683   1004     551   737    264   492    136   2326   1955    527    182    519     332     709     567   654    247   544    115   2345      25.0  24.666667
     MIA     7         7       0     1      2    647   1774    452    664     85     365     595    960     415   707    272   524     88   1831   1676    454    117    315     275     648     416   661    247   528    118   2001       NaN        NaN
     MIA     7         7       0     2      2    754   1826    356    469     93     292     651    943     467   602    300   448    153   1957   1725    420    120    395     301     667     388   538    259   512     87   1898      13.0  13.000000
     MIA     7         7       0     3      2    774   1856    369    529    129     296     573    869     476   643    274   435     96   2046   1722    469    129    382     278     693     446   588    222   515    104   2088      20.0  16.500000
     MIN     8         8       1     1     14    770   1831    449    592    204     258     612    870     495   690    237   497     63   2193   1758    514    164    481     300     677     472   707    275   547    130   2188       NaN        NaN
     MIN     8         8       1     2     14    671   1810    559    727    176     308     693   1001     437   695    210   507    127   2077   1927    499    153    472     328     688     511   719    259   470    126   2156      15.0  15.000000
     MIN     8         8       1     3     14    727   1775    383    578    166     309     650    959     466   617    226   529    102   2003   1807    469    141    389     302     612     495   618    273   465    117   2104      12.0  13.500000
     MIN     8         8       1     4     14    875   1978    450    624    180     361     718   1079     580   634    242   558    101   2380   2067    473    141    446     337     652     528   666    271   471    126   2370      10.0  12.333333
     MIN     8         8       1     5     14    767   1900    454    640    177     332     724   1056     526   660    257   613    139   2165   1972    490     92    330     323     713     508   676    333   502    133   2190      18.0  13.333333
     MIN     8         8       1     6     14    801   1946    437    601    172     310     715   1025     531   624    258   536    127   2211   2019    435    129    376     344     711     537   665    275   487    144   2288      18.0  15.333333
     NYL     9         9       0     1      9    792   1815    429    567    135     288     652    940     477   617    246   474    102   2148   1822    437    116    420     320     647     462   645    223   479     94   2035       NaN        NaN
     NYL     9         9       0     2      9    833   1828    336    500    160     255     660    915     553   616    265   437     82   2162   1759    461    133    394     304     679     430   600    223   496     76   2082      20.0  20.000000
     NYL     9         9       0     3      9    772   1740    400    567    145     260     610    870     496   638    261   458    100   2089   1733    484    149    434     312     649     410   597    228   478     88   2015      21.0  20.500000
     NYL     9         9       0     4      9    825   1923    412    537    181     271     686    957     527   587    262   470    128   2243   1959    459    155    467     326     736     506   614    269   480     96   2256      18.0  19.666667
     NYL     9         9       0     5      9    819   1932    398    531    216     263     741   1004     539   587    209   506    124   2252   2096    431    132    416     371     730     517   589    288   430    123   2297      16.0  18.333333
     NYL     9         9       0     6      9    828   1860    452    552    208     242     732    974     498   613    214   462    112   2316   2012    442    125    398     345     685     473   590    275   411     86   2285      18.0  17.333333
     ORL    10         2       0     1      3    833   1911    397    546    145     319     606    925     473   583    255   486    130   2208   1964    378    153    450     348     669     536   637    264   500    108   2233       NaN        NaN
     ORL    10         2       0     2      3    768   1914    430    587    174     356     614    970     452   643    320   532    125   2140   1831    436    157    438     316     659     534   600    298   546    114   2205      16.0  16.000000
     ORL    10         2       0     3      3    808   1914    493    646    145     320     595    915     446   669    295   456    113   2254   1862    491    156    422     362     684     519   637    251   541    108   2255      13.0  14.500000
     PHO    11        10       1     1     17    803   1800    513    661    124     275     619    894     465   630    285   429     91   2243   1828    421    135    416     334     635     486   699    224   531     91   2102       NaN        NaN
     PHO    11        10       1     2     17    767   1894    429    587    101     300     642    942     514   625    292   519    138   2064   1892    462    137    391     333     698     524   603    283   517    127   2169      20.0  20.000000
     PHO    11        10       1     3     17    793   1889    405    538    100     292     626    918     427   623    267   501     94   2091   1870    436    155    388     309     692     532   600    268   491    127   2291      13.0  16.500000
     PHO    11        10       1     4     17    801   2095    379    556    116     357     643   1000     461   664    310   479    111   2097   1867    466    136    371     303     811     509   667    275   610    146   2270      11.0  14.666667
     PHO    11        10       1     5     17    826   1922    456    598    192     264     652    916     501   748    282   464    137   2300   1845    534    133    348     309     711     456   660    226   536    137   2235       8.0  10.666667
     PHO    11        10       1     6     17    826   1994    531    693    178     342     720   1062     549   697    243   517    179   2361   1993    523    121    332     319     705     470   672    265   483    112   2354      17.0  12.000000
     POR    12        11       1     1     12    761   1828    488    697    145     309     627    936     480   761    265   593     93   2155   1847    577    150    447     307     646     487   729    277   531    130   2303       NaN        NaN
     POR    12        11       1     2     12    733   1891    450    612    172     300     696    996     451   633    244   500    106   2088   1944    461    159    410     343     763     501   643    293   474    144   2202      10.0  10.000000
     POR    12        11       1     3     12    829   1951    410    564    127     307     641    948     492   623    239   493    120   2195   1885    463    126    348     334     678     486   616    272   508    139   2227      11.0  10.500000
     SAC    13        12       1     1      0    876   1993    449    650    142     388     650   1038     567   571    332   458    157   2343   1918    410    144    418     320     631     503   600    226   524    116   2176       NaN        NaN
     SAC    13        12       1     2      0    837   1974    457    618    163     374     723   1097     558   588    276   494    158   2294   2003    415    116    400     343     662     496   616    261   481    143   2139      21.0  21.000000
     SAC    13        12       1     3      0    780   1945    494    653    112     301     648    949     500   675    247   456    109   2166   1944    515    149    453     352     723     493   633    233   496    128   2294      20.0  20.500000
     SAC    13        12       1     4      0    862   2107    425    626    150     349     718   1067     568   641    297   461    122   2299   1991    435    149    467     345     751     516   640    224   576    141   2216      14.0  18.333333
     SAC    13        12       1     5      0    874   2072    435    604    129     389     635   1024     519   641    314   485    118   2312   1872    474    161    458     310     676     513   646    241   593    117   2241      19.0  17.666667
     SAC    13        12       1     6      0    853   1986    494    721    129     369     674   1043     527   684    304   500    108   2329   1823    478    113    376     273     694     463   723    235   622    132   2093      18.0  17.000000
     SAS    14        13       1     4      1    792   2068    538    736     93     350     795   1145     428   728    187   513    167   2215   2176    544    149    482     389     783     530   669    275   424    140   2427       NaN        NaN
     SAS    14        13       1     5      1    812   1940    488    628     79     302     701   1003     493   628    272   513    106   2191   2003    416    172    469     324     710     575   624    280   492    129   2364      12.0  12.000000
     SAS    14        13       1     6      1    764   1833    503    652    110     256     690    946     433   650    195   535     90   2141   2059    463    142    408     351     704     563   685    283   429    148   2401       9.0  10.500000
     SEA    15        14       1     1      8    667   1740    379    561    109     256     537    793     390   648    255   525     93   1822   1721    498    117    334     288     721     506   618    284   529    123   2171       NaN        NaN
     SEA    15        14       1     2      8    689   1821    415    606    128     306     585    891     412   605    273   431    127   1921   1750    417    125    325     296     756     492   588    228   519    127   2048       6.0   6.000000
     SEA    15        14       1     3      8    794   1948    418    543    182     362     633    995     514   623    282   477    151   2188   1818    435    102    342     307     662     488   563    254   531    125   2103      10.0   8.000000
     SEA    15        14       1     4      8    890   2045    442    567    166     342     732   1074     548   644    232   465    138   2388   2039    441    145    437     352     689     456   570    245   459    104   2274      17.0  11.000000
     SEA    15        14       1     5      8    873   2025    524    676    167     350     709   1059     552   665    302   499    131   2437   1989    423    139    391     303     679     507   678    252   527    137   2264      18.0  15.000000
     SEA    15        14       1     6      8    906   2066    544    688    142     323     776   1099     520   657    201   516    158   2498   2163    490    133    419     334     686     568   691    267   438    154   2407      20.0  18.333333
     UTA    16        13       1     1      7    858   1896    609    790     88     348     732   1080     522   698    214   544    157   2413   1964    531    156    448     313     598     503   702    301   437    112   2407       NaN        NaN
     UTA    16        13       1     2      7    811   1849    507    675     78     295     775   1070     524   622    202   493    156   2207   1976    489    125    429     344     630     478   645    275   390    148   2192      18.0  18.000000
     UTA    16        13       1     3      7    843   1911    643    844     89     347     721   1068     478   665    228   522    178   2418   2067    516    126    377     361     645     489   724    260   444    149   2344      19.0  18.500000
     WAS    17        15       0     1     18    832   1813    403    578    109     300     646    946     521   597    245   506    126   2176   1875    382    149    397     299     612     513   595    261   456    102   2221       NaN        NaN
     WAS    17        15       0     2     18    739   1915    333    504    117     356     699   1055     424   537    257   495    127   1928   1945    347    146    408     331     737     487   543    261   454    103   2075      14.0  14.000000
     WAS    17        15       0     3     18    806   1910    359    478    164     330     708   1038     516   583    221   455     94   2135   1903    397    147    446     309     680     442   570    237   441    101   2116      10.0  12.000000
     WAS    17        15       0     4     18    896   2191    381    507    157     382     703   1085     568   676    213   462     99   2330   2033    509    171    482     334     781     591   565    251   468    119   2498      17.0  13.666667
     WAS    17        15       0     5     18    873   2088    474    661    105     337     726   1063     467   652    255   424    128   2325   2013    510    146    425     336     770     534   627    237   492    111   2384       9.0  12.000000
     WAS    17        15       0     6     18    847   1968    388    546    181     266     677    943     517   697    260   435     76   2263   1872    489    150    433     267     757     545   638    205   504    108   2305      17.0  14.333333